     1.01000     0.99961     0.88785     0.26374     0.07337     0.03070     0.00160     0.00014     0.00000     0.00000     0.00000     0.00000     0.00000     0.00000     0.00000     0.00000     0.00000     0.00000     0.00000     0.65183
     0.99961     1.01000     0.89960     0.27586     0.07814     0.03303     0.00177     0.00016     0.00000     0.00000     0.00000     0.00000     0.00000     0.00000     0.00000     0.00000     0.00000     0.00000     0.00000     0.63506
     0.88785     0.89960     1.01000     0.51924     0.19863     0.09878     0.00819     0.00099     0.00000     0.00000     0.00000     0.00000     0.00000     0.00000     0.00000     0.00000     0.00000     0.00000     0.00000     0.36855
     0.26374     0.27586     0.51924     1.01000     0.80796     0.60240     0.14790     0.03631     0.00064     0.00000     0.00000     0.00000     0.00000     0.00000     0.00000     0.00000     0.00000     0.00000     0.00000     0.03796
     0.07337     0.07814     0.19863     0.80796     1.01000     0.93935     0.42842     0.15769     0.00629     0.00003     0.00001     0.00000     0.00000     0.00000     0.00000     0.00000     0.00000     0.00000     0.00000     0.00577
     0.03070     0.03303     0.09878     0.60240     0.93935     1.01000     0.63786     0.29236     0.01822     0.00014     0.00004     0.00001     0.00000     0.00000     0.00000     0.00000     0.00000     0.00000     0.00000     0.00174
     0.00160     0.00177     0.00819     0.14790     0.42842     0.63786     1.01000     0.82514     0.17017     0.00478     0.00189     0.00073     0.00000     0.00000     0.00000     0.00000     0.00000     0.00000     0.00000     0.00004
     0.00014     0.00016     0.00099     0.03631     0.15769     0.29236     0.82514     1.01000     0.45098     0.02994     0.01404     0.00637     0.00002     0.00003     0.00000     0.00000     0.00000     0.00000     0.00000     0.00000
     0.00000     0.00000     0.00000     0.00064     0.00629     0.01822     0.17017     0.45098     1.01000     0.38217     0.25255     0.15892     0.00333     0.00421     0.00000     0.00000     0.00000     0.00000     0.00000     0.00000
     0.00000     0.00000     0.00000     0.00000     0.00003     0.00014     0.00478     0.02994     0.38217     1.01000     0.96368     0.86851     0.13779     0.15801     0.00079     0.00058     0.00006     0.00000     0.00000     0.00000
     0.00000     0.00000     0.00000     0.00000     0.00001     0.00004     0.00189     0.01404     0.25255     0.96368     1.01000     0.96702     0.22821     0.25676     0.00212     0.00160     0.00018     0.00000     0.00000     0.00000
     0.00000     0.00000     0.00000     0.00000     0.00000     0.00001     0.00073     0.00637     0.15892     0.86851     0.96702     1.01000     0.34445     0.38058     0.00509     0.00391     0.00052     0.00001     0.00000     0.00000
     0.00000     0.00000     0.00000     0.00000     0.00000     0.00000     0.00000     0.00002     0.00333     0.13779     0.22821     0.34445     1.01000     0.99755     0.20148     0.17404     0.05221     0.00354     0.00115     0.00000
     0.00000     0.00000     0.00000     0.00000     0.00000     0.00000     0.00000     0.00003     0.00421     0.15801     0.25676     0.38058     0.99755     1.01000     0.17732     0.15232     0.04394     0.00279     0.00088     0.00000
     0.00000     0.00000     0.00000     0.00000     0.00000     0.00000     0.00000     0.00000     0.00000     0.00079     0.00212     0.00509     0.20148     0.17732     1.01000     0.99681     0.81481     0.29158     0.16762     0.00000
     0.00000     0.00000     0.00000     0.00000     0.00000     0.00000     0.00000     0.00000     0.00000     0.00058     0.00160     0.00391     0.17404     0.15232     0.99681     1.01000     0.85488     0.32954     0.19436     0.00000
     0.00000     0.00000     0.00000     0.00000     0.00000     0.00000     0.00000     0.00000     0.00000     0.00006     0.00018     0.00052     0.05221     0.04394     0.81481     0.85488     1.01000     0.64892     0.45783     0.00000
     0.00000     0.00000     0.00000     0.00000     0.00000     0.00000     0.00000     0.00000     0.00000     0.00000     0.00000     0.00001     0.00354     0.00279     0.29158     0.32954     0.64892     1.01000     0.95009     0.00000
     0.00000     0.00000     0.00000     0.00000     0.00000     0.00000     0.00000     0.00000     0.00000     0.00000     0.00000     0.00000     0.00115     0.00088     0.16762     0.19436     0.45783     0.95009     1.01000     0.00000
     0.65183     0.63506     0.36855     0.03796     0.00577     0.00174     0.00004     0.00000     0.00000     0.00000     0.00000     0.00000     0.00000     0.00000     0.00000     0.00000     0.00000     0.00000     0.00000     1.01000
